1266
54855
1465
51232
2034
2317
2150
6659
1026
5054
1287
5328
4288
6515
10376
22822
10257
1734
54567
8482
7153
558
6526
2023
2149
390
5327
9162
11343
90427
11245
283209
55573
9497
25878
1063
7052
94241
10979
142
4311
4013
22974
10313
63895
6840
5069
9055
4082
1281
27242
10769
8720
5358
301
5205
57326
81848
72
5796
83872
3488
8989
5159
7534
10221
808
2040
7857
4929
4982
891
8728
2318
2791
93145
7430
147372
9518
4884
88455
84617
55771
5829
10112
7035
8507
79971
1464
3624
22800
11103
1265
4853
259266
57568
23362
3099
2114
8140
10797
4008
4907
4163
9353
3838
55379
55608
9120
4627
6241
1462
2589
5922
114882
991
4478
64114
3728
5806
131583
6299
3799
639
7468
167227
51334
80323
4162
5127
1288
29127
10923
5347
57724
55117
55824
11173
332
2305
79647
84790
2355
5924
7114
1030
8727
11078
5732
650
3939
4323
7083
3655
26575
6383
9766
1848
9948
140876
3732
8760
64854
6675
374
10051
890
1909
10938
23657
203068
7494
51429
302
8407
285761
79801
3912
1662
1820
48
2770
89797
51474
79094
9414
901
55454
9921
10371
8508
10486
7803
5167
1051
4124
5742
10460
83700
10611
23284
9787
6731
2665
79642
1264
440
2060
80781
387893
80031
7112
84823
8490
1062
26586
23135
3832
389136
2621
2247
837
2294
214
2893
3566
23039
7913
9493
79572
5764
5364
699
7431
493
2119
9411
387882
90411
10383
826
8325
196
55165
120
10615
25923
55740
4097
90861
4324
6747
2115
57552
79839
54800
81624
3915
6723
23603
55884
728215
25870
51200
25891
5270
55143
7846
10417
11113
1499
64151
9510
23052
694
2697
7280
4126
55635
10109
2531
23710
10135
9133
2633
22801
51203
6281
92949
80310
2316
7045
6790
8942
59
50509
7298
93
NA
824
60
387755
5099
23705
91
3148
955
24137
4001
1290
7407
19
22820
3638
2668
9793
223
1075
284119
79876
128239
5649
3553
9697
57082
9435
5209
81493
11004
10962
123920
5638
54892
27436
23406
6909
6382
7474
3084
27161
10114
771
219699
5832
7145
8349
7791
10541
11226
701
1718
7301
219
126298
4343
9180
91768
6916
253260
3673
90853
4605
114990
55858
2151
25829
6711
4254
4233
3090
1832
10398
780
7170
87
9232
6335
25945
9550
1602
55754
3837
4174
80315
9618
9918
57659
150864
64332
1809
10082
6781
4170
624
92312
81
3833
7010
10577
9802
3481
91607
9585
55959
58476
6772
2252
10570
55627
80856
116496
90007
4641
983
9266
5681
9821
84187
6303
2055
4638
7414
3693
1454
11096
79180
23704
4758
10631
57414
11237
54331
115294
54843
7357
29128
143384
6386
94
64393
9980
55625
57198
6405
57636
79646
10200
1808
3927
9637
9732
7514
160622
1303
58190
23220
2821
11168
1186
800
9824
10531
54498
3487
130497
3178
8793
10236
11031
51384
6277
3161
4756
10253
9741
4325
166647
11065
2137
6648
5747
3589
64795
64750
26258
55355
2617
83786
71
1282
55214
2764
4175
4000
5743
3383
7272
5321
11259
4628
2070
114134
2058
30844
7275
2799
6774
51088
113146
5970
65998
51155
81610
8110
7533
2069
51512
4603
2521
151011
9659
7975
57709
54914
56938
5654
23670
9600
4784
8565
23313
25780
115701
54478
9833
387763
10512
54765
6472
55790
65125
6575
8878
9528
55662
28988
80727
51012
5106
3976
9472
51339
5156
1956
22795
64759
9685
5874
8434
54910
3182
150468
83892
5592
1182
79875
4212
4773
3572
9319
26147
9590
2729
125058
54480
2555
9776
9445
7321
2768
7040
221079
55654
84230
80380
90874
57132
316
84679
8613
2907
7150
9949
9019
10129
483
10466
2869
5660
5817
84168
79577
57574
3569
3895
6541
4864
4052
53838
7162
687
3843
11142
5476
22858
1978
84665
9811
813
11282
6926
6615
149111
55679
51696
3315
54887
57630
5307
10955
51020
10092
8091
5045
114757
11252
116151
6941
117178
83895
2969
57583
29780
81029
8334
7070
7873
9728
1645
1939
399687
9928
9212
4237
10606
51176
7050
25844
8870
84171
3754
3836
2274
164284
54453
51635
2717
1073
1163
908
10808
10613
3397
221150
54187
81628
5021
8531
2512
10584
2674
3486
55706
3422
8682
57142
8491
1843
80351
25825
3776
1004
116987
143888
10763
51309
7174
3908
6513
54443
84141
11260
157313
4646
113130
27042
84886
84912
3306
84251
131578
3835
201562
9258
54918
23053
23397
3187
191
84101
11100
23197
5214
55872
8754
3956
9031
7706
5339
1839
4953
1974
4249
9260
65108
23654
146909
4189
10494
10290
51497
669
8516
9581
8826
7461
26056
9700
10097
23271
4141
53358
54888
79960
2037
6301
55917
285704
3133
83461
1786
309
4171
152503
23609
9469
2535
5058
4751
55002
23136
7111
351
10346
5793
4130
8202
10052
8668
25927
57561
7763
93663
57194
22936
3712
5631
3091
4313
22874
284403
23043
5573
23764
728661
55742
57669
55852
9429
11176
9448
8775
9583
8829
56776
528
58505
5230
10592
256987
11313
445
26227
3659
3037
83990
6535
10046
9843
3313
8710
10276
6917
51763
10493
10403
2091
5887
3726
5523
202
4771
22919
2250
79776
142891
23107
23310
51809
55215
1601
10602
1284
10025
56648
92126
9208
54620
4205
7105
54805
51661
7283
81688
57650
23174
23558
8273
168667
6502
54898
4209
79586
22884
79048
114907
23179
55970
1979
79974
116372
86
5702
54813
801
598
6876
57228
1009
5723
1954
3482
56882
4221
57701
834
5792
6091
5010
2744
80155
3554
23646
51514
5782
6428
9337
7171
79924
80219
3294
23064
3983
4192
59339
10314
1434
59353
4179
255928
5663
64131
1639
3074
83540
1033
3202
9139
27113
26502
2271
10057
4176
79682
5814
29028
2195
23213
960
8912
2022
64770
51201
51129
54867
5597
143686
51186
5937
55102
347734
54904
55690
6251
9663
25839
324
10024
51194
22903
22926
23167
5791
147841
8767
23462
10277
1307
91461
284129
1879
54495
10723
5586
344148
2246
220441
3105
9603
9780
285203
9810
10735
3916
64943
1200
56978
7531
3556
57154
63898
166929
1910
730094
90843
55920
84858
7004
9768
4085
9805
254228
3073
488
157769
8992
27333
169714
56261
4837
79822
4921
55802
151246
159
91404
3213
23336
26509
256691
54852
3015
4501
6773
5430
1964
9749
11130
127933
55975
2597
1031
56992
7026
339324
868
8975
3720
79627
56937
2217
55704
145567
3280
5516
8301
80210
127281
23253
109
730755
23255
26207
25921
64599
7756
57333
2068
581
113829
55691
7428
57192
27348
4232
56970
81542
196383
51699
5836
665
5999
331
219899
153222
8204
90135
47
23246
54972
51499
64207
79674
114991
23456
11153
359845
3290
144811
84896
1317
6059
2547
11228
16
5376
6867
10875
11346
23741
85458
84296
26039
56650
113251
25940
25943
3189
55092
9830
30001
83931
2280
3672
9644
5464
7980
7436
5612
284
2590
253827
160428
10238
113612
55252
10574
10721
5831
4851
7188
2669
8997
26353
26263
4053
84191
4038
2936
84722
375033
3636
6240
91289
80853
201163
57761
55629
3157
6935
90459
64065
552889
55107
2321
7132
206358
1719
9341
55784
135228
79670
1508
55238
64283
9962
6938
57609
65260
9037
9394
2548
29091
5672
96459
57648
92370
6897
23038
348235
7323
6809
122953
162427
5901
5577
57515
57045
357
23768
283431
81611
26099
10586
2239
3014
817
8825
54796
144165
116535
1164
8314
10272
4172
56911
6307
8894
54510
5291
4314
79735
10477
26155
8776
4919
51226
6509
55388
10525
9060
27131
81839
9764
93649
158471
5310
23365
84189
9991
51019
65249
65997
22948
4811
8672
56951
10166
3576
23214
9509
1856
23051
8991
3751
51659
9727
84216
9903
84836
63967
9859
6385
5198
55723
10212
3399
9126
64762
51450
92305
6730
4312
6491
11030
54587
79772
29952
6715
3164
9149
10085
56852
54821
64175
201191
51430
89958
51633
286827
8615
6749
55357
9645
5928
1295
3619
29968
9296
6497
78991
203447
10116
6446
10336
85027
79939
836
84961
80149
23767
80306
4856
4092
899
990
4836
84301
54832
25802
10980
27065
81930
871
84298
9902
2861
1841
23189
9052
137964
116461
152110
57658
2177
2491
533
6426
116988
65010
9221
153830
83448
51465
5714
81855
291
57720
11069
3609
307
6135
23112
340485
84945
26986
7572
9648
4967
91039
7392
473
80114
57763
10056
3921
7328
8761
5905
9200
10755
7786
8295
81929
144717
51621
3688
9415
9961
157680
23529
51573
259282
26018
1314
5238
822
8243
8502
29969
10867
4833
57559
23012
54477
130271
9249
54606
57507
26959
55362
219623
9498
10856
2710
1111
79065
254827
84293
4957
6483
6117
392617
31
5613
253980
56172
22930
6432
79805
55207
79870
23163
2720
4973
9966
23097
23339
11120
716
2650
23585
54407
330
27102
5910
220134
10535
23266
23165
89927
2182
57645
2971
23516
8013
23187
55243
163
121512
84706
10228
221037
8496
9088
9555
57546
51026
3676
10733
64123
11321
6709
3727
170954
529
29978
83857
84935
79710
1455
134430
54625
25800
338692
57486
83604
4015
10516
2064
7879
23527
64771
441631
7320
53947
1997
9240
1847
10672
7625
90102
80212
7837
23566
23001
4776
831
30846
9792
6196
2098
6662
10226
84959
3308
259217
51582
9867
3340
9242
7168
80829
3339
2925
9582
10945
1184
493869
2175
8318
151963
53944
79083
860
51559
2803
334
5566
138151
3490
2967
7317
55288
2222
54491
6495
1058
84248
7832
6464
3614
1306
84333
1509
92745
2805
57534
421
28996
2237
55731
9235
100128731
81533
60401
7259
6599
51094
54492
472
55159
166614
51776
10449
4016
3987
6390
79652
6231
653583
7707
54014
84552
6434
154796
595
1975
11080
1846
3911
9540
10444
2314
25966
123096
80854
10801
55585
1984
571
5981
1894
9837
7402
154043
84623
9908
27072
54820
23191
10645
10282
23216
57102
55196
55148
950
1767
283742
8861
3692
11274
7094
8436
253143
157506
80153
84271
4947
29994
115548
29899
6016
22937
27034
81606
6949
84287
27101
159090
5423
22808
55619
23066
2035
9945
9889
6422
3920
323
653319
11224
54664
9639
509
7107
2631
170506
29785
23531
9619
54464
9451
586
967
10969
11215
132
64285
1717
130132
25782
25925
84919
387521
57589
10951
5519
4354
55839
254170
284391
79968
6257
8945
57488
23139
9375
51606
9777
6199
145508
5426
23351
85301
10550
9261
221178
5216
5425
170384
26503
11138
23113
22877
4976
440145
57539
220164
5770
3551
11034
55760
23071
2134
9371
675
7453
9156
8986
2634
9690
23196
80381
1803
4862
151354
51646
4782
79672
7126
161176
8543
1386
399664
403341
57801
442213
253430
59284
80228
10184
79143
7917
4643
11015
80139
5290
29089
10579
6522
112574
8125
56886
79982
1399
10635
2739
25886
79581
9076
221895
9813
1017
25976
3398
90809
104
6130
9020
163732
5728
5875
57531
29789
84456
55332
5888
56889
23062
9289
53834
29904
9778
7421
56999
80148
7376
160897
27249
649
92579
10560
6767
51520
23331
904
8836
8914
7637
57509
580
85403
3320
57060
11067
8428
682
6187
5717
79068
1982
8671
7169
161436
8881
54741
4925
10956
22873
54880
65061
116832
6272
51542
10186
79019
23065
4043
11169
55240
26012
26022
56479
29896
790
57655
537
4522
10948
578
80008
80255
51368
2730
5933
10423
3959
23636
23286
1123
8453
140885
133308
2549
55668
64968
10079
6612
8939
4257
8555
57605
23347
10060
8916
10746
10014
22949
171019
4940
22931
201895
6583
80110
112
56681
84932
678
427
83440
115207
2932
93185
6310
8661
8519
51083
4904
6249
57646
7130
1859
6546
1869
11070
83879
55062
9735
25907
57405
4134
51726
6611
81603
5062
6103
6448
90120
90379
1198
85450
9181
5190
84232
8660
10552
114795
49854
10642
10950
27063
10985
154807
5795
9931
157570
10055
1742
79022
4319
905
55075
51107
84131
1604
5744
26060
8976
53349
7072
1969
160418
6202
23291
5627
80174
3017
9244
10957
80206
57498
51109
3107
221
221336
9915
220042
9532
7267
50863
7029
10544
79602
56101
5298
56892
3491
5515
10775
4217
6626
90957
84923
65062
11177
10749
29102
23199
196441
1849
200734
90529
60528
7398
7049
64398
285753
9358
8501
23321
149041
165
9525
51170
51447
339122
23127
5355
92017
9761
9604
113189
90417
8704
5591
5082
197021
23479
79071
23168
342926
2629
94081
5578
6596
84709
4121
55367
128077
22911
10293
64946
7172
79685
867
375061
79751
57493
65977
1777
91012
10124
4998
64397
64318
4783
26046
8425
1729
55346
833
55347
23413
94122
29781
1054
9734
10133
4637
23484
8463
85364
54674
27075
387103
57708
672
26511
50808
7185
1983
583
23649
8458
55898
1736
169200
4173
7067
64236
171023
22848
84446
8503
50615
10924
6297
23326
3151
167681
133746
54858
9772
79947
3363
60312
23543
3021
26033
65983
25902
5709
5292
7581
7064
6550
23731
5108
63874
10487
961
79845
51493
10308
29843
3658
8995
55741
56204
195828
57572
273
3925
1663
4780
162073
996
79628
57104
8444
3181
51222
995
84541
9804
5558
25929
25894
4335
23576
54978
2146
10419
162963
1107
10000
6095
7532
10540
164
51035
4541
27018
52
58538
51629
4519
57504
51164
51669
55248
10788
10076
55151
59274
6482
9124
10724
51101
6198
7041
7416
4147
388272
51053
9656
784
2275
51665
1827
25949
7922
6396
10469
57678
388
10399
2000
567
23295
79956
28991
389
117583
4615
4035
9820
6237
84154
89891
23528
5802
5239
4692
3621
4306
6713
51439
90355
162681
55194
124997
993
8788
23032
135114
374655
54475
57587
3897
489
7748
1072
1955
204
9537
727936
151887
22916
79932
8566
3575
3156
11094
1981
23369
3764
51308
8438
222663
10616
8440
10194
27316
10312
4830
93134
2956
28978
7716
54801
84263
7277
26271
25963
2300
5954
9568
292
65083
55186
54940
2288
55716
57106
57617
22890
4154
7813
8604
91775
10410
64718
467
23396
116985
4644
92597
55334
5565
23235
25842
221981
55683
338699
50488
112483
84328
79649
3601
4363
3930
11244
8303
6645
338322
11174
23446
112464
9361
4026
4493
54205
26100
342371
4665
286343
11171
25843
55161
151473
24140
84436
10745
55851
26071
53981
400745
65005
1191
10067
54532
64645
9538
9267
4891
138050
4670
100288637
441459
9097
23215
115825
79654
6869
7009
8506
57449
91748
3145
4924
51773
63891
65009
57182
84193
93323
27286
9751
55157
200942
57555
8697
22885
116983
64837
93487
10989
257194
55193
81620
92154
9562
9765
23385
7465
25805
51061
221710
10473
9168
10783
84033
171546
11118
23594
80019
84272
3992
25913
9069
145389
4908
56647
10385
79624
3425
84102
84986
25759
221491
2872
10342
79088
56897
219988
55027
4926
27148
9592
26224
23223
8809
7295
29763
63922
8887
80014
7360
56950
32
3146
4520
132160
6143
23185
27258
321
132320
3791
10367
285
23345
4824
90381
647024
317762
57162
6924
80023
2033
25836
4200
205
8905
84675
7084
55013
1606
163486
5880
166968
2131
9209
5271
11046
81844
23392
55680
51029
25941
55114
9879
57148
51014
535
4149
6993
81671
7745
8309
7916
9978
55833
8872
9911
7772
4292
9877
23554
55312
4507
26229
25798
26073
9369
51312
5756
8321
25962
102
54834
92400
4216
1968
201161
2896
8498
64425
51510
51154
55323
80709
23293
81563
116039
10252
375790
5155
84447
23586
222658
163882
29126
2260
64793
83959
5335
220001
79848
5359
3995
5049
10926
4502
84769
51341
22978
3840
4055
55789
2767
5860
57728
3241
6882
8795
93129
83729
9586
64115
23452
8539
56898
8833
2551
100507436
391
9907
10142
91947
51228
91272
3597
55343
6608
57484
84909
9891
39
221092
27122
6161
58986
23314
404093
201627
55023
55210
7538
3269
23387
51043
415116
23054
23093
342184
115704
5870
6525
8821
11072
23560
89796
9563
57190
80232
7385
282991
64710
9044
56888
8837
153129
144097
4905
2817
329
79630
81788
64841
23401
127829
6222
83858
27330
3070
51604
56834
51454
56133
7286
5885
57506
285282
51569
29995
151050
9401
93349
152559
23130
91526
3678
2
26286
112770
84273
27166
10043
3615
23190
9868
55904
27244
9736
11021
56987
10360
8692
9635
476
26994
10762
9601
5511
51150
9897
81669
51616
857
5575
5236
55183
1002
55816
81502
126375
10009
1497
140691
7001
9263
10250
11064
23463
8030
1831
1355
10513
10163
9100
9559
50507
220323
1388
9282
54862
26505
57018
7027
10325
22803
117584
26292
4669
3326
5894
29083
51588
5902
5599
9203
84319
4320
81570
5738
84188
84295
83930
51639
55218
1263
28966
51
2295
1850
55623
9567
355
587
93109
5562
6695
481
5160
8572
1609
9440
9189
90987
3735
132671
9797
6175
6760
55247
9612
5166
64105
182
29954
27338
124411
6891
2487
7991
3097
6498
85377
5422
23612
379
6147
64760
27430
55536
222068
10490
83641
147495
11342
51614
56986
5931
64395
1629
54469
51441
7351
112858
90338
5868
5872
133
54
10048
51663
146691
3087
59342
10725
29110
79039
6427
4710
523
2296
53353
340061
9754
3069
8935
4781
134266
90956
2052
328
6320
3304
283464
57020
6447
26135
144455
55534
84898
55337
56829
26585
83636
5287
23046
11285
284217
8324
2036
2287
147991
10347
5859
646851
84668
8732
56895
1616
91057
5962
546
103910
54542
26091
23341
4540
64781
6943
8200
840
55676
8835
63941
4616
1912
63979
54811
9147
1452
9883
5427
8985
84612
162962
27327
25758
161742
348013
8707
201475
83787
10826
348995
57088
118980
151648
91137
7678
79791
80119
6624
115290
5494
7866
55735
79026
5863
27254
51527
23414
126321
56180
8675
1410
6793
8678
51719
2591
91050
4125
8518
51545
58489
221749
84627
8467
2921
9678
5125
5737
54462
7205
56917
283450
64431
5424
55755
3159
30837
2677
4739
55108
2192
11044
7078
29800
81618
9724
9823
81609
9647
7412
538
1836
283208
5983
4240
29980
51422
55770
51274
6829
51106
10209
253512
6334
6751
51393
23258
79442
2331
4287
153769
10254
79768
90624
9929
5001
5984
22872
2908
5412
10159
7292
149478
10396
57171
3066
55074
55103
54360
65266
64782
51645
55775
3183
6609
10134
6919
10910
3866
90
284361
7516
317662
55832
259232
147381
7175
6124
203547
9557
573
5142
6789
81928
80256
64764
8850
9904
285636
3978
1611
26750
22823
7582
84444
56104
57522
113277
599
283373
91663
8729
374393
284069
59338
1545
81619
84321
57099
4642
134510
3184
10905
80071
283337
347733
9399
29081
55681
55331
11082
84061
1965
644
23633
6048
51324
5018
122553
10096
55809
6622
8848
11152
6309
113178
4054
80223
9404
55154
7251
22943
134553
663
64897
2495
84437
2202
221656
134147
126208
10440
10521
768211
23512
64324
57089
975
5783
51147
54976
54776
375035
80820
59269
10589
5603
65264
6510
6857
196463
60485
1523
9397
401115
501
56731
3301
64121
55862
10162
115572
207063
27133
200894
5293
55246
1445
3661
51138
22880
54617
282809
55004
84883
1129
113
85446
54206
63910
11117
5711
51594
7167
90333
1605
171024
2787
4880
89848
1757
79807
53373
84085
375
1021
84795
727957
10127
54557
79177
66036
821
10659
5393
9125
165324
84056
9969
1655
375449
6132
10289
23324
8406
9520
6733
23608
55902
374969
2950
2289
55320
5479
162989
1185
6652
2118
6664
51282
5019
22990
11333
6387
26973
6621
6776
84146
38
144501
163049
11270
23780
10618
6890
205564
3020
80230
3417
51018
745
58504
115
10036
5110
1893
30000
80152
2189
57786
6500
10424
25948
54875
57335
51253
157695
4841
26579
10542
2935
89890
151742
85465
199221
10625
81033
140775
114897
2997
84162
5699
8722
84256
9425
51567
8237
84864
641
5157
6227
25989
10940
64359
23201
1798
2273
145581
5716
9021
63931
9141
57217
54622
9374
4071
5997
51125
875
5754
23420
55601
79085
25932
3032
57597
27097
4193
11315
65008
29855
79786
144404
89795
10982
55275
9470
7764
84529
118424
10231
7675
5507
222166
114781
140576
7456
148252
60681
84336
2178
9611
203427
23659
338773
23224
8943
55671
286097
10420
340075
29950
55266
81631
65992
22807
388962
5834
55783
143684
23154
55164
9878
6990
23275
79948
26136
56241
26278
50854
5447
4303
284611
79415
10766
55670
23231
8804
57804
389792
348110
10066
222865
23549
5900
5557
56103
374383
79007
81608
2771
94104
84987
79188
9975
25861
9545
144110
6230
1593
23381
84641
114294
8721
7705
4289
1861
23177
2517
5257
90522
54472
84978
23597
1362
953
57827
9138
84300
10898
56062
5151
57594
79142
8533
3035
80005
3656
11140
285672
1277
60436
6218
57693
23515
9270
27173
51586
10726
6778
201266
1212
10131
9334
5818
401152
55737
2673
119391
57687
8607
2014
80209
9733
55437
6567
51177
79070
55144
4863
64222
4697
29915
23518
5787
56129
57505
84513
6764
57222
196527
81622
57690
23325
4074
3705
4698
10040
10791
25896
65065
4668
54529
257364
158135
253714
3371
10174
2539
5993
57553
2354
6305
1665
91869
26234
146956
64210
8208
55703
155066
8731
387700
997
152006
NA
60494
55744
55603
55055
2919
397
10106
58513
3945
8802
4685
892
114904
23354
41
23644
2232
6493
11149
1525
1305
8061
10608
8910
4521
64417
57521
284207
65265
2309
404636
60492
900
55274
23203
7378
55300
23344
2687
91283
84725
1647
23621
6389
10213
9246
410
100289635
57381
6536
283643
79866
79659
285172
10161
8674
5311
26115
444
25992
9990
84628
5914
4040
27352
51196
1857
132014
84572
343099
79862
3679
57717
3163
23204
9631
9774
9993
81545
2690
9241
81035
6194
28986
81689
23500
286205
80824
2167
8019
56977
92565
140685
23060
3155
80700
64112
8317
2735
113791
5611
57492
55197
63901
80010
10335
4361
10311
347240
113263
3703
3965
9815
9923
79980
23317
64866
1429
348262
56121
23082
1933
10507
9382
1122
10575
80003
400073
5139
2580
56943
64979
26001
51477
23471
9950
11261
132864
5073
2619
11132
79707
57120
6839
6206
54828
10126
79086
10468
6144
6777
56654
6520
57211
79590
56288
25827
55732
211
148156
284161
9767
7699
811
85480
2335
9140
7003
3757
3612
7905
3251
5947
8703
1471
4037
54993
57666
54149
2107
55010
7306
9342
3033
10920
9760
5052
2117
8479
57231
553115
11020
158747
4796
4437
135112
1653
27163
11339
26259
5074
10844
80055
8548
5360
253152
137492
10654
56099
9446
55577
2130
50515
79720
9584
210
51517
55199
65981
22981
79798
414236
3400
64093
51119
55777
22928
7403
90196
1960
8669
2632
23384
9675
51248
100381270
50640
57707
3628
129642
11212
2193
83986
51444
23148
9943
84254
64423
261734
84687
84515
79172
8874
27295
80271
253558
112950
5990
2557
3309
661
65059
200186
9632
1528
6785
6188
284459
8050
389558
81857
51528
22993
7133
22982
10432
66004
728927
4512
9318
57216
22854
23049
9807
80018
64078
8031
308
1759
1687
55352
1947
55233
26010
63027
4900
3772
151613
3696
57584
9184
89781
117854
10914
114898
10509
3552
151636
51143
10267
55907
205428
29997
2109
1108
9344
10150
226
1743
11345
8411
60412
27248
127262
3188
51523
55009
9517
4591
6152
6155
57470
10087
10042
4488
23468
83937
124454
51375
2200
441518
861
84926
57614
2627
526
25852
79915
128
6388
9726
5093
55588
55278
92912
92689
643155
59341
5886
5201
7334
7869
7919
55505
57446
113000
23178
10658
56061
9655
6787
83463
5911
51435
1646
9890
6404
6142
57463
252969
57134
148268
7562
60313
29799
23114
58493
1514
10152
9534
57091
10752
55224
8824
3092
283635
57175
7693
6992
5295
7422
400793
5589
8714
272
255394
55012
124359
3763
286075
727910
90293
51310
54536
7464
10016
92610
8027
8880
9050
51390
5685
7158
27005
6907
5917
401494
118987
55969
5471
54328
27303
11127
133619
10128
57576
832
1209
8609
51251
22862
345757
5833
7576
5828
757
7375
3608
51108
498
256281
158358
23028
10464
1130
339745
3423
63897
54989
80830
9215
26156
245812
2900
84803
9742
7443
29085
131118
54806
3654
23421
6170
84925
9188
57477
56122
57169
57643
129293
6374
3613
284309
84759
51507
6217
51421
23607
847
9231
55798
5734
51534
256227
5536
29940
89853
55781
22941
162394
54893
50626
57719
6643
8643
11009
6233
132789
7391
121665
208
2171
54947
65243
57153
196740
90806
57608
10607
7419
79629
8310
3880
9668
2773
56111
4294
80045
7596
374986
199704
25972
55330
10594
747
9117
7425
142678
5469
7373
156
51062
30836
1806
10928
9984
3910
7536
79144
25849
54516
11332
10569
79969
9677
3300
143872
126792
5725
1173
84259
27245
4650
94234
4774
65979
3176
7710
5861
55748
4839
51193
5879
345778
375056
339263
8218
4826
54896
10491
51434
1019
84285
51006
653784
84243
92714
83666
5033
3796
122769
2184
7626
7164
5606
10404
23645
5648
8708
55041
374875
5437
54977
8694
23564
1959
10434
81577
1047
5229
54058
11179
143903
1810
9854
4775
9352
25840
8742
874
26020
6453
83987
11137
9495
23234
55279
55034
4204
50
92935
8476
28511
23102
1992
84561
79693
5569
9688
1368
79738
51449
65982
200081
2017
23432
50804
10960
7095
5921
25957
51362
2030
746
5036
6470
1660
55743
5819
6235
283991
9575
2596
78987
253725
6181
26953
253461
8930
5478
58155
6950
221927
26036
29948
5696
27241
6734
124491
5925
133418
516
8455
80135
54676
287
9001
65124
3215
51720
596
339451
203228
85415
5308
23176
126070
90321
10389
7644
3635
148223
1802
56126
1781
3980
10500
6154
5324
197131
6837
83903
64399
4927
3185
79650
222484
136319
84662
6176
388403
10947
56975
50486
1837
64224
55827
55806
64089
55831
1829
5528
285550
79613
53938
54916
51230
2110
10644
65003
79895
84260
57085
22894
3797
8649
196403
55222
440275
347735
55351
23015
10656
10455
55646
6372
153768
493856
1778
11235
6193
7046
6666
8078
64965
7227
80789
80204
26121
64839
219844
2863
10061
26260
55900
55276
5255
25996
10195
26108
3899
144195
55071
3977
222962
8932
139322
65018
7556
5813
54496
353
152330
NA
373
56985
4286
51074
152217
79157
7732
9167
8131
84918
5193
147948
166
54069
3643
4337
55270
2059
28976
50862
7559
51340
51078
5434
79084
57610
126393
3098
10430
55720
112755
10395
115123
1119
23382
2825
50484
114932
642475
113174
24147
51005
79651
340527
1854
26999
84971
5002
63934
1363
9314
256364
26284
261726
2879
6119
55251
794
84236
11135
11338
340481
594
54439
257218
25
114928
152518
55667
5673
10904
140739
116138
91373
381
978
347902
10210
11186
10972
5245
8772
11091
26225
23132
25822
23625
23025
5534
150684
57172
9731
63926
63035
116224
22826
283349
81532
84064
11128
57510
9439
55171
55558
9524
56257
9130
6560
23195
51602
160335
374654
84418
139596
8459
51496
150094
2013
5452
3480
129303
84527
64834
286077
23580
22898
140700
122830
55256
84895
51065
4537
54442
29893
80067
54708
9641
81849
550
192286
7769
91304
6660
56912
255520
5037
10627
26267
26277
1397
54994
5130
1039
280636
59343
5864
375387
823
57062
10963
84307
7695
5899
55325
160
23376
7782
55361
23708
395
4691
5593
54931
9230
306
23353
11155
1289
64858
55686
3268
91782
387680
84897
57396
10767
2683
5871
9770
6134
192670
3485
84548
83648
56916
987
55759
4514
9672
200879
11194
6894
84947
27332
3418
57179
79038
25926
6238
55812
29953
1534
23332
126299
27341
5695
60626
23590
5987
23254
7025
11340
5694
126820
25793
117248
7767
4077
80205
440498
8780
729288
64407
2736
80179
55779
11151
79622
2934
10533
7247
25978
10520
10505
284307
283638
112495
23443
7266
79733
333
4508
27129
157378
5898
23157
10810
7022
402415
644815
51759
10946
1052
23513
401541
23315
375298
7224
1889
10330
57103
128866
79834
NA
5091
374395
3028
23761
668
286257
10564
183
55727
4012
196074
64326
85461
84816
54946
114793
3329
153642
51343
51678
79147
57124
2187
79903
22879
57494
100505876
6794
399665
55198
5891
285343
11221
9527
79780
27076
1488
2009
2959
58506
260425
9093
5605
503542
84962
2581
8567
23241
81926
23303
5440
10773
81853
399909
54107
84892
6189
4725
9880
26057
23161
25814
196394
51148
4803
8794
3093
64110
6651
951
7936
6920
2353
1487
1382
26005
51104
55697
112398
57826
84197
91942
3885
79634
10456
91608
84798
160851
64412
5903
9858
2050
2889
8226
79760
26122
7410
2081
80774
57181
64785
6319
54956
5707
79077
6125
23118
1292
23511
1513
26094
311
51478
5621
9564
115908
64769
79837
55906
51330
23373
51397
50865
87769
9643
54468
57448
5468
7091
1315
10908
23192
55262
6748
83695
7128
113179
374900
6326
55785
116931
54865
2992
9910
9817
9712
5297
55762
23169
57670
80308
23327
56127
57600
9026
83638
23172
203062
64857
57476
84078
57478
92609
55610
56474
85015
222183
166379
10333
55147
400916
26123
23151
969
27183
113115
55435
8970
55958
5140
60488
115201
118813
11099
23788
5537
9937
57704
201973
64418
55008
85300
3716
84804
5514
23411
28977
9791
50814
7472
3434
54535
657
3717
10691
10605
51122
7408
114049
112942
63893
83932
91107
2101
56927
1535
23530
153527
55139
24138
51099
200576
55366
4676
11230
6879
26219
55905
468
10010
8797
29967
131601
6692
NA
7477
6902
6714
92922
54982
475
7770
79135
734
26032
23024
9416
51366
10243
55076
81556
55297
81488
8800
7342
727
64067
10111
6128
79829
6002
9422
135293
51236
64981
11234
10452
1387
9324
25974
6047
2558
254251
3725
165918
56894
84924
8718
26610
23023
29775
79018
9373
7942
7110
338382
285237
26289
79703
4705
10554
60676
266812
54665
64328
57532
2762
50628
3106
9887
51135
56910
6892
5740
100101267
8651
149986
55125
113246
64598
124936
5162
115353
8805
114880
51506
5757
22998
4436
57575
8099
6209
54891
10239
7157
94005
2820
91433
9412
20
57147
6722
64747
89122
93627
154467
9658
8612
80762
51373
90627
83737
10175
84930
84747
5066
8831
55219
8662
8570
7918
55212
57480
4076
29100
100288413
1020
440270
9852
147645
23478
57579
388695
222389
10180
4538
8242
84079
688
11199
54470
9045
63875
8412
8545
113235
5763
130074
340385
1207
130340
55172
11284
22995
706
549
255783
115098
2494
93436
94239
200312
5701
388566
57185
4678
389432
403313
374946
84525
84890
9922
51747
399474
7024
54861
6780
91368
2766
55137
8706
23567
9278
7799
10514
91750
10411
6721
159013
3998
29844
2043
337867
643853
4677
1340
8021
161882
266727
8550
60509
124402
23368
5531
5429
374462
9410
23435
9941
91147
11119
55769
27067
81037
79886
157567
100131897
322
7223
27340
56913
8744
10286
10054
56125
54823
27130
8655
9057
10632
10869
64924
79719
6046
6619
50485
286826
9013
80143
51377
81559
1650
2045
65991
27043
23268
84057
22938
64063
29071
10234
6400
2180
54953
8492
10497
51526
147179
1537
7498
10806
5982
79803
9927
6668
2937
23770
2242
522
819
199692
112479
84450
91801
63917
102723996
9819
6421
9519
84124
10023
84910
10825
168374
114908
51531
147
1161
9790
9710
55788
11236
144348
56675
220
64682
84681
80194
6620
84984
3783
2946
92285
4088
57599
54558
9123
1520
342357
121441
84327
5584
84172
391059
342979
84916
63899
54471
25807
144406
10499
79888
4629
9898
7325
1876
402778
2960
2873
797
5500
54778
115265
3964
NA
81567
51278
94097
64689
830
1294
23111
23355
10555
127544
116840
255631
23360
1181
2152
50618
27153
26048
652
84975
85441
57418
5064
23568
10479
1371
151176
79671
140461
54681
81565
79174
54802
4301
8895
2026
54537
10906
80013
60343
4005
51100
64788
10084
23358
11018
25804
11141
9092
2181
200916
201725
55345
NA
148022
9388
55967
7703
8540
148206
653820
399726
5396
54962
8641
29035
64223
144245
79633
149951
79000
55160
23239
23171
55315
387263
79863
28968
10715
1608
3297
80221
29941
23230
56123
6634
151556
55837
29894
56259
23371
23116
51398
5264
54859
10211
1392
56907
23221
386618
6844
1459
23592
10970
201595
93621
9696
153339
6871
163859
143458
139341
10207
25994
57542
50999
25930
123879
56106
84752
4660
81931
54737
83693
200895
10073
7844
5096
197407
51304
199731
114818
220002
5930
9526
79641
23379
51182
11222
7329
284615
23218
22984
23265
4355
7915
130557
28951
80025
376497
1950
254048
4728
23074
7884
8924
256586
63933
64784
147906
1398
344558
153241
3981
201799
114926
4350
27106
100129842
55656
9150
119559
205327
7086
146540
339768
6880
54808
57621
92815
7746
29946
10189
93058
26232
55901
221955
23683
55450
23207
145173
6936
1756
10699
57688
11258
51166
219790
6159
51142
22933
23383
23760
51564
4430
57526
102724250
55128
167153
5980
84913
27152
79754
92014
55652
65986
26470
27297
54849
6487
29114
79023
10772
8462
57161
137695
3710
8427
994
10241
23380
6480
84364
10626
949
1407
255252
7090
2542
127687
56110
4835
58472
55846
130872
55738
22907
9091
22794
3875
9968
92675
4144
4717
55217
143570
221184
84929
8193
22832
463
90693
5111
666
7182
9380
64221
115286
84335
7469
55684
8034
80301
84669
9218
2957
162
94015
22920
57472
5955
283219
29988
23429
55110
54969
51123
11056
497661
412
139221
1211
23412
55084
24144
27236
1780
145864
2920
56262
84708
9053
50650
57620
115703
84261
51593
79034
26084
1951
57590
30061
29903
23264
1949
3082
494115
729440
390980
79042
122704
6631
84667
51592
25851
51124
11188
54822
57711
11073
163786
6001
8774
3217
5877
4716
23173
5720
79616
83992
8888
79832
25981
57657
8312
57820
10558
8658
27229
55187
136647
64754
9718
55504
55163
10848
654463
259230
4236
10392
55799
617
6129
23682
55591
60370
8812
7257
91683
8915
10622
1241
55553
27077
57158
7874
53916
25934
9706
4848
53343
84940
6670
23245
10113
10318
3841
256051
90649
25873
7011
10765
11183
3338
613
6093
9223
84893
83941
51157
5927
51071
7043
54756
3109
143098
2885
152137
30849
113402
59286
136
64400
55036
6208
25865
1793
121260
10935
83982
9715
5243
123283
3336
409
5934
5892
5433
8546
54454
386617
65263
5286
55734
254225
28514
55893
9329
160492
10780
84065
122786
140823
114823
1796
10921
203259
89845
10138
149603
80207
51805
10302
148203
255967
6444
60496
3077
51105
10919
23067
84879
353091
148741
64651
79692
5865
5636
5305
10208
81832
114803
1737
65123
55344
25788
170463
23098
126526
5431
6616
151393
2651
57149
4017
388115
253769
56990
3685
56603
51389
1028
9794
115817
6300
85440
4651
23307
11163
8289
170959
51199
63908
51162
80097
114769
51560
9871
140707
539
51704
4218
79155
56605
11007
29957
466
60672
4131
25819
4799
9110
56851
9423
126068
123263
4238
5538
63826
51631
4299
1278
51714
7444
883
23431
116028
374659
8665
22863
23085
23774
51134
27123
4060
9308
2745
220929
2319
51307
79750
23091
57209
79658
339366
9917
9698
93166
9895
10237
1440
4793
5063
349075
9217
23404
113452
53
23061
1431
2113
23616
29121
27085
9743
6156
6133
339983
22838
9572
11328
6573
339500
55007
54965
9870
4239
11124
8738
51068
1666
22989
5361
829
130612
5352
8526
2395
399979
5581
200424
5932
201456
55571
24149
255104
5150
81543
9839
6490
388677
162972
90060
284371
84279
9722
6049
2120
5610
5552
150290
5098
6792
10179
2054
26146
4297
56935
2926
29959
5496
78992
83658
4326
221914
26061
1946
5289
81894
23521
55284
90525
285382
2044
432
6801
10933
948
112849
284992
284565
8454
51073
9609
414919
79582
1945
6275
152485
5973
55225
150368
28998
56113
9863
58515
51149
81566
57713
23144
54954
26240
51249
5567
2086
7775
55304
2778
80095
2923
29890
11107
8934
7005
204851
1994
92979
284612
54790
9202
60685
10522
147807
7867
55818
55192
91687
6653
23474
201626
8573
375484
54108
84181
79673
11123
9846
25900
26167
60678
25912
2618
1723
10474
5602
26872
23335
84629
6505
10203
392255
90850
6654
56112
2909
54476
23243
9325
387914
55359
9610
163590
283489
26740
84878
4801
6168
246175
85363
79987
55205
10961
28971
50861
6136
132321
6595
2965
51126
9577
84461
83468
85395
11187
55230
23514
6948
64928
10465
63876
54881
29902
2931
55757
5985
1962
4542
3516
57698
400713
55622
6160
7374
55421
5504
80169
9853
126119
58527
55142
3201
124900286
54482
90480
4869
6788
23019
55626
23047
10629
57122
912
7593
127703
55502
3140
84532
2122
286319
9144
5371
406
161424
147949
114789
5618
79591
2191
57700
9531
56114
84153
4248
5594
3344
1376
5445
1936
10758
1456
28960
1291
314
56242
58494
5604
5211
6330
11129
387338
55968
440279
85407
54878
26205
9328
5530
54505
254531
54551
9826
10714
8745
25999
51755
7760
22828
5034
7871
201514
NA
5564
23180
91978
6195
23450
10973
55825
115416
11276
134
7087
55153
23333
28956
6451
56108
51320
9989
79075
23559
255488
100127983
93594
57604
5300
125476
5315
23526
10123
10915
84498
26011
10664
79954
79004
9689
3190
966
5935
79850
79137
2624
221424
93973
55291
3376
10695
2664
100289678
81285
222229
79006
245972
55113
153364
28231
3428
57639
55572
6563
51082
6341
10099
140459
55728
5395
28989
148266
55776
6667
58487
79576
9166
53346
64777
64430
10650
27239
23304
6304
84717
56097
374378
627
151195
4191
728568
10178
7620
79892
23125
10165
51300
55726
51762
8725
11160
79933
343450
8724
55166
288
115509
89874
3598
9679
51069
57482
91653
90378
57799
29063
6578
388789
65110
7424
23122
55030
112616
10188
5356
284001
51654
7804
29926
155368
116068
126282
55272
6650
10206
7415
1147
146857
3750
864
6603
5518
7551
79778
10328
8439
154214
56942
23259
10426
51360
8045
150275
1296
1874
85012
5524
57569
79989
54885
90441
4047
5428
168455
54764
79364
57491
168507
NA
201965
1025
80213
79095
79739
123688
64895
8907
53637
1728
4931
56132
8493
5585
7106
60682
374879
22897
389610
1600
9191
7019
55250
10384
2852
23361
90317
55638
91369
805
6591
84614
4696
8520
5595
23162
10657
7341
5442
53635
4681
51111
285440
55095
79929
2593
56925
6207
219771
26508
5050
5710
55971
54020
3460
54538
57109
3303
64921
3815
55239
23008
57528
344065
79607
8815
23363
730051
50636
6397
84302
11104
400986
90933
64787
11159
8036
50940
55653
10671
125893
81691
4735
51133
9326
219833
27243
63920
4277
23137
54872
9306
1977
3199
64925
254102
5051
154091
1845
55974
9134
80777
9456
1345
56965
11060
9522
414
64853
11016
401474
841
1615
56102
2049
653308
23219
10019
124044
55614
84440
9040
55094
56100
293
79073
80821
25875
115399
7289
51295
11054
9406
25777
85449
7042
23671
9135
7779
26589
5780
154
90324
56254
310
6542
83719
57464
9444
79879
54512
63929
80017
6157
5170
6641
10322
23405
57017
5118
6786
84144
51550
7324
5325
53827
55228
8228
8816
3652
195827
5228
55803
492311
84458
124152
1891
4086
6812
64081
29078
3094
10673
4234
84640
10628
162655
140735
91749
9605
55664
5501
118812
6506
25799
4791
56849
3416
54906
25915
51808
51351
90139
NA
54762
79902
9935
26175
9687
91151
30827
7203
84542
79717
23011
8611
3914
26035
137392
162967
770
2622
1730
147912
10992
51103
116064
3704
1519
92255
55810
174
51185
163259
653464
51167
84969
79712
25766
55527
6171
51768
637
8536
5250
58526
6197
64927
6672
231
2218
23476
5532
95681
84274
34
10244
8790
114881
1490
56900
65985
267
57452
145748
5641
57544
2303
2185
90488
26128
1326
2560
283578
5164
23276
494143
54970
51603
81034
2976
81792
51234
2983
54797
54432
202018
8086
25939
176
8192
11037
54942
9351
57677
435
284406
6925
57404
1543
285367
28232
8038
24145
5028
4351
5101
5411
25879
84915
84547
8111
94101
92822
129401
57697
27309
5318
79864
84294
51374
150726
79723
253959
8884
94240
81575
146433
3364
23403
4485
8864
54460
633
10038
3433
91694
2878
51460
4215
439
23036
25824
9061
22818
55733
3276
27439
2224
84872
9896
8082
2584
81572
2071
7768
57462
23095
1636
5878
200407
8556
91603
11278
5781
30811
23595
54908
253943
57520
51175
3295
55156
10013
79794
154743
81031
6416
9111
57037
155185
5719
84304
1613
79819
84443
6915
29942
79016
79003
80233
138199
5481
203069
55845
84445
7319
10393
56952
6720
51171
8664
217
388567
83894
79171
56929
9901
9255
118924
284443
7728
55133
6399
7528
29105
284297
1192
6273
5889
55717
57223
11033
84545
10949
57097
5635
1656
57661
285368
23635
92737
221785
51706
55227
55596
112611
79101
8106
167691
54795
53339
7291
284349
55017
6832
4552
8504
7798
8899
8220
2781
348938
3622
7920
2914
9310
11013
25960
285362
8803
26524
53354
57459
139231
29929
1116
1826
7525
11264
7057
30850
54499
163131
283948
80321
58528
60314
146
23759
3292
79746
79921
80313
27291
2286
6158
55890
23400
28965
83596
9900
84678
6628
27292
80177
374882
126003
30011
10519
8554
605
51003
55793
1967
3856
220213
11200
57489
5700
26960
11095
658
51406
6586
79783
54103
55167
92259
11238
1272
51081
2733
6617
90780
9315
5338
6137
8871
2313
22846
56902
8764
23042
96764
2140
286053
84318
9913
54621
90634
125061
9825
54987
10782
92595
132430
199990
6696
8711
54884
7038
147007
6201
131076
51286
81621
5188
54902
65250
3839
26063
6398
9077
4820
29766
79230
55714
3850
4809
6256
58525
79621
51009
63951
1364
58478
83445
23035
81553
23390
3633
80325
219855
9849
79161
55249
10630
126326
131616
4779
9277
254427
79573
6558
51495
1738
8178
25816
127700
79959
6332
23787
10482
5116
54819
7554
4208
NA
26090
54497
94039
64342
100131211
54876
285381
55829
8851
6376
60673
610
222236
7965
3198
5771
8241
3814
4059
7851
5147
93100
400961
56141
8187
2230
4659
22913
9976
51218
10857
339344
84268
26058
7485
55336
57035
22900
8515
79823
928
2700
84138
8898
6910
83480
85409
662
6945
29803
84159
9654
140465
7189
58516
2534
79962
9473
10585
23089
27314
55924
80851
166336
3224
55296
471
57633
10827
200316
9633
285513
64225
2063
55841
6815
56109
117143
51522
7075
5350
3646
8840
10678
3592
23037
51000
89970
29072
100101467
51096
26007
100128569
57695
25890
1460
200205
80262
2139
30834
5978
4281
10146
55761
9513
83593
140609
196528
134265
4494
50619
79087
84311
23623
7098
152519
53407
9894
13
6940
1468
23090
50944
56947
196410
55922
5499
782
6166
1196
80176
91752
6584
53917
6903
23322
221303
9054
10959
203430
133522
554282
1384
22824
255374
51263
29882
146050
79666
92105
60493
4302
56160
9851
10712
85378
124930
10365
8460
24142
23155
339487
3312
343521
78995
84671
5187
9367
58189
6627
5797
5495
84632
6118
347344
79009
90204
147463
2887
11051
114825
79752
6092
51306
5959
440590
11161
9958
163227
9827
163087
6717
139716
7389
254042
8497
80216
51256
94107
8667
11231
4747
84340
5087
9442
10362
1201
388558
158131
28990
84245
441150
1659
55313
144699
57556
54758
11335
9064
6674
6727
10216
30851
4535
79882
115677
389658
6553
84080
91010
3600
79867
6810
10436
7013
5784
388536
51575
5208
79753
115752
353174
5007
3550
50717
3281
84957
3788
1603
51060
5730
85302
53371
54165
64786
84060
79872
1308
148304
79187
125919
57631
51231
10776
348801
51016
375775
124583
5979
8938
79583
65056
79102
55669
23541
8560
26027
126433
2339
84870
2135
79145
57380
2067
11251
84955
26504
256949
22904
23503
1515
1789
80776
360023
64756
55146
5708
55795
221935
51114
51676
83716
10391
56623
81544
83401
729515
2827
56899
65117
25864
160518
124961
728888
55750
128553
25850
1725
84934
6050
27068
9079
5977
6834
30817
5774
64432
11011
345651
5805
55201
128344
284346
7750
10459
2582
4690
84270
8028
79825
164091
162966
66005
119504
23545
1176
10617
6469
26469
80224
129787
4744
10294
55692
4883
3756
284325
5032
51657
7347
124565
9409
143279
5826
150274
54973
22859
146059
57683
726
90410
7082
4285
84250
9695
57479
29914
25832
550631
29068
8853
56128
10450
9274
401097
57460
7553
574407
439921
26112
7264
7249
21
8473
93183
51239
4045
7507
90313
6184
10039
10846
7691
1195
2047
84557
1630
8859
153562
4946
57184
858
4122
4509
91661
59349
121274
146542
4763
7225
6489
1027
3191
7633
7773
348180
9882
256309
10397
55122
10273
81562
22929
134957
5563
4733
493753
165055
55182
54414
149371
54901
775
79810
79966
79905
527
4772
22883
6605
5727
83742
89953
22921
28964
116092
10640
1390
6120
84343
5174
55863
64976
79598
54799
23033
26064
26003
64219
642
144448
7638
342892
112970
267002
490
9462
10787
670
54934
131566
56994
1267
10922
6430
1070
10809
7976
976
101060684
25953
146712
10381
3064
148113
3845
1435
6856
146330
6929
90423
286207
51131
1676
8726
84901
26507
84787
63906
7020
9955
51710
10818
7979
51530
220388
7355
26298
1154
134353
91612
11000
22955
51754
167359
8625
414918
7048
64743
10475
54968
84908
148254
55329
83696
58488
5629
2201
219902
201134
22999
5095
9847
58500
408
4736
1477
79729
124512
6932
10220
7296
79047
64426
23505
8786
80020
57551
518
8153
51335
2738
55593
81875
84108
2194
27175
80142
10401
165904
54438
57466
1495
57118
4917
134218
387804
339229
1312
54948
65244
23287
4814
6883
5141
4128
55374
84814
27339
85457
10929
5226
9214
10049
114788
1901
2776
5607
375248
NA
85414
219348
9475
23070
23523
729956
9762
9173
374897
9746
84280
84705
7390
58491
285313
90326
29880
54903
54869
122970
55072
51011
54677
121601
55168
55658
25987
8659
27315
146434
84219
80818
200844
120103
6229
65109
10614
22891
1105
1112
60561
80344
646962
2843
57180
91252
128387
1915
2977
7222
338761
57095
199777
220988
55209
440073
154141
55609
221830
83541
54899
50859
7204
81892
27090
83743
143244
5994
6169
85366
2847
25901
8808
9170
81851
26984
6167
5253
54810
150771
83442
5634
25979
51008
56124
9466
284086
55226
64168
404217
152007
390940
NA
9491
112724
92799
23510
873
85463
10144
56624
80329
440138
1643
5184
10007
5580
55509
51371
4524
1958
1870
79695
4539
26037
84083
153396
201176
9578
9541
9516
55701
158427
1316
25821
9535
6633
10291
1389
92106
3065
5520
6431
2209
166815
400954
6311
9551
6433
8933
35
57622
390916
2648
7405
7268
83594
64403
7881
8663
4034
197358
55038
10634
3108
6203
4601
202052
55015
10140
219541
80320
56144
548645
9814
1739
25841
5896
54629
2903
5991
22994
24139
80331
29881
192683
1327
81847
85025
144983
94059
1489
29927
9016
23288
3949
54431
114791
51258
10154
7784
112936
51703
9857
387
645
64753
5154
23641
10472
79901
8636
116150
3212
22835
10181
92092
285966
606495
51097
7184
256471
11266
55814
55093
25936
113444
25771
9801
137886
128338
9650
93589
84310
128434
1175
56267
645369
223117
7186
25888
80765
152185
100131017
84134
5251
55068
55501
129080
5016
284004
29924
2123
6468
2042
29886
5463
6745
84948
284467
2653
9788
51290
140680
259173
285315
6742
7743
9842
51287
57731
64216
91624
57673
881
10018
341350
2108
284358
1746
84433
340252
56034
84264
29920
10501
7318
5830
22878
6314
10847
1674
6884
199223
55561
63939
6284
26521
137075
390927
339977
133396
84133
NA
7345
26002
8085
8558
84549
5179
23269
55061
1634
92162
8266
23002
158046
83464
54332
26577
9666
30832
84233
29985
100885848
6339
1911
7014
9855
147657
163404
347273
55650
84190
79846
285676
7108
79979
84936
338645
8293
148641
26017
116841
119032
29108
90871
9709
200728
84620
81856
147685
10287
22868
6415
8079
25904
1812
9529
10201
5337
11180
51117
25790
4359
64419
55640
23272
6150
55719
9636
8345
360
8644
643641
1102
10621
79587
83871
286128
8857
342945
221496
3563
81537
132851
90990
65980
6429
6282
84516
10295
23143
79663
253982
254295
8527
51691
137835
79701
56521
10005
2079
54963
22837
23312
57128
100128071
164781
8799
84861
7594
134429
57718
NA
143678
7574
284273
80178
10301
8717
51021
23076
57649
43
221687
118490
6391
29889
114799
23509
4750
56674
26052
55033
100128927
5881
57205
1374
54839
23428
51562
4700
37
5436
203102
6636
5794
9939
26235
83451
6623
5256
112487
6224
157657
9739
5775
84034
114883
27124
7988
84246
130507
790955
10717
219333
57634
221120
55294
83734
80728
64778
29767
51388
6342
1453
51056
23160
57602
5168
23080
4322
1642
23762
57619
55206
59277
64802
113878
55285
91582
55127
85464
92806
1622
7757
7327
84501
NA
26133
91445
56672
134285
14
8339
339479
5204
92002
8994
57403
26160
140467
4329
84939
3762
153090
57038
80328
51347
65993
114569
249
3419
415
9187
84282
10101
83759
3738
11320
51379
114785
56928
163059
57187
51554
126308
644538
4702
965
10427
79828
79991
7265
23350
8270
4968
10603
10270
219931
5027
285598
8818
375341
5213
57146
6566
239
81539
80022
23460
392
200014
22
9861
26548
27350
57191
710
23522
79770
814
26519
80816
10483
1408
114327
10666
10643
80263
29
677
643988
57343
221443
221786
285855
83856
728833
8291
285429
26471
55293
10428
50937
23753
58508
57536
162239
55624
199857
55130
27300
11098
83637
3141
285148
11158
2890
6752
22954
57016
6503
22852
8801
84765
84305
150946
64577
123606
317781
8633
100507290
5042
10280
201292
7818
5281
65258
84317
9262
84792
7517
168451
60481
5092
4007
80145
81490
9455
2121
55327
10557
80127
54927
23658
117608
8405
9662
165215
338376
51649
4199
266743
83939
23016
283459
55184
387640
127253
64083
3752
5909
10713
54436
6004
83479
51643
283237
4066
10964
8365
729533
23378
9372
2824
116442
112476
79718
9403
51667
65095
773
9294
9118
22934
18
5089
10263
130574
339559
2159
222553
728378
54933
83481
196483
643664
30968
283316
54552
29979
149013
4536
9753
114800
401089
8702
4116
3257
9136
8897
85002
54148
9295
7071
64761
6604
54461
11083
58497
3200
83755
5441
55749
54928
85451
10026
114801
79913
5223
140458
79728
5163
1785
8624
90865
148423
10971
9158
1503
26140
5000
103
91452
708
54751
29103
9828
83547
65082
221302
132720
4061
57116
121536
4688
81576
9391
NA
90637
54926
728294
9942
284131
3842
25973
57535
57496
2332
375444
79635
10573
80775
199786
22836
24148
11092
22847
84299
7580
100293516
337876
64518
57727
79925
1478
54996
6461
2519
83640
3665
54877
64420
22906
339175
197342
54626
25920
10300
23150
256302
5451
283417
4609
79029
84221
27238
158405
220972
2870
83607
54815
23408
55643
25893
79838
170261
7570
1486
283871
5136
25988
257068
54785
84520
414328
127435
55773
79961
51093
6638
27032
2308
79363
3606
51090
4253
333926
80790
10125
93953
10623
84904
9489
348093
200845
5394
284613
2006
55582
342908
286151
9926
79050
124045
50809
387119
6635
170960
3787
7862
7738
84303
3761
5143
160760
2104
85460
7597
3798
92856
64766
100652824
201931
10893
1311
84125
114984
730
2774
23394
55281
84656
6606
157285
114790
2157
1855
10069
1347
22889
NA
729991
577
6015
79096
79697
222255
124401
403
22853
55500
4790
4190
5827
161198
51538
147660
55766
79722
56998
80741
2625
125988
80024
79684
80347
29906
3902
27044
63905
10548
80714
91442
5189
10467
358
134728
100130311
64951
79698
54829
10454
64410
26230
482
154810
11181
